F = 1e-07; Nimp = 97; Range: [0.1, 40.0]
i = 0.1, C = 31.430145537801277, a = 3.9642241067957595, m = 193.0, p = 96.0, r = 0.6964194138592059, D = 1.0
