F = 1e-07; Nimp = 31; Range: [0.1, 40.0]
i = 0.1, C = 13.812359483144968, a = 2.6279611377591725, m = 61.0, p = 30.0, r = 0.39370039370059057, D = 0.9999999999857523
