F = 1e-07; Nimp = 89; Range: [0.1, 40.0]
i = 0.1, C = 29.400821392534166, a = 3.8341114611167844, m = 177.0, p = 88.0, r = 0.6670832032063166, D = 1.0
