F = 1e-07; Nimp = 21; Range: [0.1, 40.0]
i = 0.1, C = 10.802812736411973, a = 2.3240925902824925, m = 41.0, p = 20.0, r = 0.324037034920393, D = 0.9999997403379464
