F = 1e-07; Nimp = 16; Range: [0.1, 40.0]
i = 0.1, C = 9.20844682050048, a = 2.1457454206522826, m = 31.0, p = 15.0, r = 0.282842712474619, D = 0.9999749446323714
