F = 1e-07; Nimp = 76; Range: [0.1, 40.0]
i = 0.1, C = 26.060112447184544, a = 3.6097169173762467, m = 151.0, p = 75.0, r = 0.6164414002968978, D = 1.0
