F = 1e-07; Nimp = 69; Range: [0.1, 40.0]
i = 0.1, C = 24.235133325403428, a = 3.4810295406246863, m = 137.0, p = 68.0, r = 0.5873670062235365, D = 1.0
