F = 1e-07; Nimp = 28; Range: [0.1, 40.0]
i = 0.1, C = 12.928814849516868, a = 2.542519896629805, m = 55.0, p = 27.0, r = 0.37416573867739417, D = 0.9999999997087848
