F = 1e-07; Nimp = 17; Range: [0.1, 40.0]
i = 0.1, C = 9.53384007117368, a = 2.1833277435114593, m = 33.0, p = 16.0, r = 0.291547594742265, D = 0.9999897130357931
