F = 1e-07; Nimp = 35; Range: [0.1, 40.0]
i = 0.1, C = 14.970267910319667, a = 2.7358972851991052, m = 69.0, p = 34.0, r = 0.4183300132670377, D = 0.9999999999997644
