F = 1e-07; Nimp = 20; Range: [0.1, 40.0]
i = 0.1, C = 10.489961045746334, a = 2.2901922458329054, m = 39.0, p = 19.0, r = 0.31622776601683794, D = 0.9999993379444851
