F = 1e-07; Nimp = 41; Range: [0.1, 40.0]
i = 0.1, C = 16.671383664694872, a = 2.887159821060732, m = 81.0, p = 40.0, r = 0.4527692569068708, D = 0.9999999999999996
