F = 1e-07; Nimp = 10; Range: [0.1, 2] EN0 = 2.312
i = 0.1, C = 7.158930867948124, a = 1.891947524106856, m = 19.0, p = 9.0, r = 4.808326112068523, D = 0.9999999998612716, EN0 = 2.312
