F = 1e-07; Nimp = 14; Range: [0.1, 40.0]
i = 0.1, C = 8.545715362084417, a = 2.0670891807181926, m = 27.0, p = 13.0, r = 0.2645751311064591, D = 0.9998575191248033
