F = 1e-07; Nimp = 49; Range: [0.1, 40.0]
i = 0.1, C = 18.886369141527435, a = 3.0729765001971163, m = 97.0, p = 48.0, r = 0.4949747468305833, D = 1.0
