F = 1e-07; Nimp = 46; Range: [0.1, 40.0]
i = 0.1, C = 18.061996291166498, a = 3.005161916699872, m = 91.0, p = 45.0, r = 0.4795831523312719, D = 1.0
