F = 1e-07; Nimp = 53; Range: [0.1, 40.0]
i = 0.1, C = 19.97525399810776, a = 3.160320711423744, m = 105.0, p = 52.0, r = 0.51478150704935, D = 1.0
