F = 1e-07; Nimp = 1; Range: [26, 30] EN0 = None
i = 26.0, C = 838.1409738772034, a = 20.47121117419782, m = 1.0, p = 0.0, r = 18.384776310850235, D = 0.18295126088353014, EN0 = None
i = 26.4, C = 851.035450398391, a = 20.62808098682947, m = 1.0, p = 0.0, r = 18.667619023324853, D = 0.4616614843611024, EN0 = None
i = 26.799999999999997, C = 863.9299269195787, a = 20.783766825573014, m = 1.0, p = 0.0, r = 18.950461735799472, D = 0.7578799534086937, EN0 = None
i = 27.199999999999996, C = 876.8244034407664, a = 20.93829510061369, m = 1.0, p = 0.0, r = 19.233304448274087, D = 0.9310432916080497, EN0 = None
i = 27.599999999999994, C = 889.7188799619541, a = 21.091691254638093, m = 1.0, p = 0.0, r = 19.516147160748705, D = 0.9879827813040576, EN0 = None
i = 27.999999999999993, C = 902.6133564831418, a = 21.243979811738924, m = 1.0, p = 0.0, r = 19.798989873223324, D = 0.9987314980641806, EN0 = None
