F = 1e-07; Nimp = 51; Range: [0.1, 40.0]
i = 0.1, C = 19.432207964747878, a = 3.1170665668820643, m = 101.0, p = 50.0, r = 0.5049752469181039, D = 1.0
