F = 1e-07; Nimp = 81; Range: [0.1, 40.0]
i = 0.1, C = 27.351910715115892, a = 3.698101588323115, m = 161.0, p = 80.0, r = 0.6363961030678927, D = 1.0
