F = 1e-07; Nimp = 84; Range: [0.1, 40.0]
i = 0.1, C = 28.12272000090501, a = 3.7498479969796783, m = 167.0, p = 83.0, r = 0.648074069840786, D = 1.0
