F = 1e-07; Nimp = 56; Range: [0.1, 40.0]
i = 0.1, C = 20.784921443244603, a = 3.2237339719062272, m = 111.0, p = 55.0, r = 0.5291502622129182, D = 1.0
