F = 1e-07; Nimp = 96; Range: [0.1, 40.0]
i = 0.1, C = 31.177465684790548, a = 3.948256937231324, m = 191.0, p = 95.0, r = 0.6928203230275508, D = 1.0
