F = 1e-07; Nimp = 61; Range: [0.1, 40.0]
i = 0.1, C = 22.12240944453974, a = 3.3258389501402306, m = 121.0, p = 60.0, r = 0.552268050859363, D = 1.0
