F = 1e-07; Nimp = 40; Range: [0.1, 40.0]
i = 0.1, C = 16.390498069201914, a = 2.862734537920161, m = 79.0, p = 39.0, r = 0.447213595499958, D = 0.9999999999999988
