F = 1e-07; Nimp = 36; Range: [0.1, 40.0]
i = 0.1, C = 15.25656123840752, a = 2.761934217030478, m = 71.0, p = 35.0, r = 0.42426406871192857, D = 0.9999999999999166
