F = 1e-07; Nimp = 70; Range: [0.1, 40.0]
i = 0.1, C = 24.497109507994168, a = 3.499793530195329, m = 139.0, p = 69.0, r = 0.5916079783099616, D = 1.0
