F = 1e-07; Nimp = 15; Range: [0.1, 40.0]
i = 0.1, C = 8.879199420516029, a = 2.1070357638773043, m = 29.0, p = 14.0, r = 0.27386127875258304, D = 0.9999398051684046
