F = 1e-07; Nimp = 59; Range: [0.1, 40.0]
i = 0.1, C = 21.589116294597005, a = 3.2855072891866337, m = 117.0, p = 58.0, r = 0.5431390245600107, D = 1.0
