F = 1e-07; Nimp = 66; Range: [0.1, 40.0]
i = 0.1, C = 23.44649108221708, a = 3.42392253725293, m = 131.0, p = 65.0, r = 0.574456264653803, D = 1.0
