F = 1e-07; Nimp = 19; Range: [0.1, 40.0]
i = 0.1, C = 10.174331618063992, a = 2.2554746305449758, m = 37.0, p = 18.0, r = 0.3082207001484489, D = 0.9999983292354329
