F = 1e-07; Nimp = 26; Range: [0.1, 40.0]
i = 0.1, C = 12.331449305505174, a = 2.4830877255450696, m = 51.0, p = 25.0, r = 0.3605551275463989, D = 0.9999999978922772
