F = 1e-07; Nimp = 94; Range: [0.1, 40.0]
i = 0.1, C = 30.671283424170156, a = 3.916074783770744, m = 187.0, p = 93.0, r = 0.6855654600401044, D = 1.0
