F = 1e-07; Nimp = 33; Range: [0.1, 40.0]
i = 0.1, C = 14.393973419862034, a = 2.6827200207869284, m = 65.0, p = 32.0, r = 0.40620192023179796, D = 0.9999999999981486
