F = 1e-07; Nimp = 64; Range: [0.1, 40.0]
i = 0.1, C = 22.918365823945418, a = 3.3851414906873107, m = 127.0, p = 63.0, r = 0.565685424949238, D = 1.0
