F = 1e-07; Nimp = 75; Range: [0.1, 40.0]
i = 0.1, C = 25.80062352756629, a = 3.5917004000588837, m = 149.0, p = 74.0, r = 0.6123724356957946, D = 1.0
