F = 1e-07; Nimp = 58; Range: [0.1, 40.0]
i = 0.1, C = 21.321633144730317, a = 3.2650905917547157, m = 115.0, p = 57.0, r = 0.5385164807134504, D = 1.0
