F = 1e-07; Nimp = 83; Range: [0.1, 40.0]
i = 0.1, C = 27.866124316954938, a = 3.7327017237488276, m = 165.0, p = 82.0, r = 0.6442049363362563, D = 1.0
