F = 1e-07; Nimp = 29; Range: [0.1, 40.0]
i = 0.1, C = 13.224911358456854, a = 2.571469556348748, m = 57.0, p = 28.0, r = 0.3807886552931954, D = 0.9999999998928314
