F = 1e-07; Nimp = 72; Range: [0.1, 40.0]
i = 0.1, C = 25.019762120747135, a = 3.5369310228464403, m = 143.0, p = 71.0, r = 0.6, D = 1.0
