F = 1e-07; Nimp = 12; Range: [0.1, 40.0]
i = 0.1, C = 7.8641472886121395, a = 1.982945698778983, m = 23.0, p = 11.0, r = 0.2449489742783178, D = 0.9992408132105964
