F = 1e-07; Nimp = 85; Range: [0.1, 40.0]
i = 0.1, C = 28.378982973373468, a = 3.76689414328127, m = 169.0, p = 84.0, r = 0.6519202405202649, D = 1.0
