F = 1e-07; Nimp = 93; Range: [0.1, 40.0]
i = 0.1, C = 30.417772333426, a = 3.8998571982462384, m = 185.0, p = 92.0, r = 0.6819090848492928, D = 1.0
