F = 1e-07; Nimp = 10; Range: [0.0001, 20] EN0 = 6.870000000000005
i = 0.0001, C = 0.007158930867948124, a = 0.05982863389693987, m = 19.0, p = 9.0, r = 15.361787005423569, D = 1.0
