F = 1e-07; Nimp = 45; Range: [0.1, 40.0]
i = 0.1, C = 17.785612471761638, a = 2.982080856697353, m = 89.0, p = 44.0, r = 0.47434164902525694, D = 1.0
