F = 1e-07; Nimp = 54; Range: [0.1, 40.0]
i = 0.1, C = 20.245778665121065, a = 3.181648838662201, m = 107.0, p = 53.0, r = 0.5196152422706631, D = 1.0
