F = 1e-07; Nimp = 73; Range: [0.1, 40.0]
i = 0.1, C = 25.280456433819413, a = 3.555309862291852, m = 145.0, p = 72.0, r = 0.6041522986797285, D = 1.0
