F = 1e-07; Nimp = 52; Range: [0.1, 40.0]
i = 0.1, C = 19.704070057658022, a = 3.1387951556017497, m = 103.0, p = 51.0, r = 0.5099019513592785, D = 1.0
