F = 1e-07; Nimp = 57; Range: [0.1, 40.0]
i = 0.1, C = 21.053573218613973, a = 3.244500980013257, m = 113.0, p = 56.0, r = 0.5338539126015656, D = 1.0
