F = 1e-07; Nimp = 18; Range: [0.1, 40.0]
i = 0.1, C = 9.855707102533845, a = 2.2198769225492936, m = 35.0, p = 17.0, r = 0.3, D = 0.9999958297530634
