F = 1e-07; Nimp = 37; Range: [0.1, 40.0]
i = 0.1, C = 15.541686029587305, a = 2.7876231837882344, m = 73.0, p = 36.0, r = 0.4301162633521313, D = 0.9999999999999706
