F = 1e-07; Nimp = 44; Range: [0.1, 40.0]
i = 0.1, C = 17.508388548017077, a = 2.9587487683155085, m = 87.0, p = 43.0, r = 0.469041575982343, D = 1.0
