F = 1e-07; Nimp = 67; Range: [0.1, 40.0]
i = 0.1, C = 23.70983406393009, a = 3.4430970116981956, m = 133.0, p = 66.0, r = 0.5787918451395113, D = 1.0
