F = 1e-07; Nimp = 50; Range: [0.1, 2] EN0 = 0.4623999999999999
i = 0.1, C = 19.159647920386536, a = 3.095129070037834, m = 99.0, p = 49.0, r = 4.808326112068523, D = 1.0, EN0 = 0.4623999999999999
