F = 1e-07; Nimp = 82; Range: [0.1, 40.0]
i = 0.1, C = 27.609189942006374, a = 3.71545353503488, m = 163.0, p = 81.0, r = 0.6403124237432849, D = 1.0
