F = 1e-07; Nimp = 63; Range: [0.1, 40.0]
i = 0.1, C = 22.653561289845513, a = 3.3655282861569824, m = 125.0, p = 62.0, r = 0.5612486080160912, D = 1.0
