F = 1e-07; Nimp = 98; Range: [0.1, 40.0]
i = 0.1, C = 31.682556809674004, a = 3.980110350836645, m = 195.0, p = 97.0, r = 0.7, D = 1.0
