F = 1e-07; Nimp = 24; Range: [0.1, 40.0]
i = 0.1, C = 11.726519927496707, a = 2.4214169330679822, m = 47.0, p = 23.0, r = 0.3464101615137754, D = 0.9999999851817033
