F = 1e-07; Nimp = 92; Range: [0.1, 40.0]
i = 0.1, C = 30.163975286964718, a = 3.8835534814757424, m = 183.0, p = 91.0, r = 0.6782329983125267, D = 1.0
