F = 1e-07; Nimp = 68; Range: [0.1, 40.0]
i = 0.1, C = 23.972711434084022, a = 3.4621316724009805, m = 135.0, p = 67.0, r = 0.58309518948453, D = 1.0
