F = 1e-07; Nimp = 65; Range: [0.1, 40.0]
i = 0.1, C = 23.18267197445897, a = 3.404605114727622, m = 129.0, p = 64.0, r = 0.5700877125495689, D = 1.0
