F = 1e-07; Nimp = 48; Range: [0.1, 40.0]
i = 0.1, C = 18.612349791115793, a = 3.0506023824087425, m = 95.0, p = 47.0, r = 0.4898979485566356, D = 1.0
