F = 1e-07; Nimp = 23; Range: [0.1, 40.0]
i = 0.1, C = 11.42093032302346, a = 2.3896579591045515, m = 45.0, p = 22.0, r = 0.33911649915626335, D = 0.9999999611739924
