F = 1e-07; Nimp = 43; Range: [0.1, 40.0]
i = 0.1, C = 17.230296105824777, a = 2.9351572450062005, m = 85.0, p = 42.0, r = 0.4636809247747852, D = 1.0
