F = 1e-07; Nimp = 39; Range: [0.1, 40.0]
i = 0.1, C = 16.1086124431154, a = 2.8380109621982963, m = 77.0, p = 38.0, r = 0.44158804331639234, D = 0.9999999999999964
