F = 1e-07; Nimp = 78; Range: [0.1, 40.0]
i = 0.1, C = 26.577939424934147, a = 3.6454039162302814, m = 155.0, p = 77.0, r = 0.6244997998398398, D = 1.0
