F = 1e-07; Nimp = 90; Range: [0.1, 40.0]
i = 0.1, C = 29.655504647402495, a = 3.8506820595449383, m = 179.0, p = 89.0, r = 0.6708203932499369, D = 1.0
