F = 1e-07; Nimp = 5; Range: [0.0001, 20] EN0 = 6.870000000000005
i = 0.0001, C = 0.005230953841188908, a = 0.051141733648698826, m = 9.0, p = 4.0, r = 10.862423762678391, D = 1.0
