F = 1e-07; Nimp = 30; Range: [0.1, 40.0]
i = 0.1, C = 13.519400106183173, a = 2.599942317262363, m = 59.0, p = 29.0, r = 0.3872983346207417, D = 0.9999999999608074
