F = 1e-07; Nimp = 71; Range: [0.1, 40.0]
i = 0.1, C = 24.758649407268692, a = 3.518426452781747, m = 141.0, p = 70.0, r = 0.5958187643906493, D = 1.0
