F = 1e-07; Nimp = 38; Range: [0.1, 40.0]
i = 0.1, C = 15.825688642457692, a = 2.8129778387375977, m = 75.0, p = 37.0, r = 0.43588989435406733, D = 0.9999999999999897
