F = 1e-07; Nimp = 55; Range: [0.1, 40.0]
i = 0.1, C = 20.515662076571218, a = 3.2027848879195133, m = 109.0, p = 54.0, r = 0.5244044240850757, D = 1.0
