F = 1e-07; Nimp = 47; Range: [0.1, 40.0]
i = 0.1, C = 18.33756690160323, a = 3.027999909313343, m = 93.0, p = 46.0, r = 0.4847679857416329, D = 1.0
