F = 1e-07; Nimp = 91; Range: [0.1, 40.0]
i = 0.1, C = 29.909887646625283, a = 3.8671622442448212, m = 181.0, p = 90.0, r = 0.674536878161602, D = 1.0
