F = 1e-07; Nimp = 99; Range: [0.1, 40.0]
i = 0.1, C = 31.934703570334797, a = 3.9959168891716703, m = 197.0, p = 98.0, r = 0.7035623639735143, D = 1.0
