F = 1e-07; Nimp = 77; Range: [0.1, 40.0]
i = 0.1, C = 26.31921526968446, a = 3.627617349561862, m = 153.0, p = 76.0, r = 0.6204836822995429, D = 1.0
