F = 1e-07; Nimp = 34; Range: [0.1, 40.0]
i = 0.1, C = 14.682756396332477, a = 2.7094977760031913, m = 67.0, p = 33.0, r = 0.41231056256176607, D = 0.999999999999338
