F = 1e-07; Nimp = 95; Range: [0.1, 40.0]
i = 0.1, C = 30.924513075194024, a = 3.9322075908574576, m = 189.0, p = 94.0, r = 0.689202437604511, D = 1.0
