F = 1e-07; Nimp = 87; Range: [0.1, 40.0]
i = 0.1, C = 28.890533838800174, a = 3.8006929525285367, m = 173.0, p = 86.0, r = 0.6595452979136459, D = 1.0
