F = 1e-07; Nimp = 62; Range: [0.1, 40.0]
i = 0.1, C = 22.38824658375365, a = 3.3457619897232416, m = 123.0, p = 61.0, r = 0.5567764362830022, D = 1.0
