F = 1e-07; Nimp = 86; Range: [0.1, 40.0]
i = 0.1, C = 28.63491903984791, a = 3.78384189943554, m = 171.0, p = 85.0, r = 0.6557438524302001, D = 1.0
