F = 1e-07; Nimp = 80; Range: [0.1, 40.0]
i = 0.1, C = 27.094280286107303, a = 3.6806439848284227, m = 159.0, p = 79.0, r = 0.6324555320336759, D = 1.0
