F = 1e-07; Nimp = 27; Range: [0.1, 40.0]
i = 0.1, C = 12.631025232475537, a = 2.5130683668053617, m = 53.0, p = 26.0, r = 0.3674234614174767, D = 0.9999999992138408
