F = 1e-07; Nimp = 88; Range: [0.1, 40.0]
i = 0.1, C = 29.14583284834044, a = 3.817448941920536, m = 175.0, p = 87.0, r = 0.6633249580710799, D = 1.0
