F = 1e-07; Nimp = 50; Range: [0.1, 40.0]
i = 0.1, C = 19.159647920386536, a = 3.095129070037834, m = 99.0, p = 49.0, r = 0.5, D = 1.0
