F = 1e-07; Nimp = 2; Range: [0.0001, 20] EN0 = 6.870000000000005
i = 0.0001, C = 0.0038239600118508033, a = 0.04372619359063171, m = 3.0, p = 1.0, r = 6.870000000000005, D = 1.0
