F = 1e-07; Nimp = 13; Range: [0.1, 40.0]
i = 0.1, C = 8.207543848119434, a = 2.0257768692676192, m = 25.0, p = 12.0, r = 0.25495097567963926, D = 0.9996681734266267
