F = 1e-07; Nimp = 60; Range: [0.1, 40.0]
i = 0.1, C = 21.856037111351014, a = 3.305755368395476, m = 119.0, p = 59.0, r = 0.5477225575051661, D = 1.0
