F = 1e-07; Nimp = 74; Range: [0.1, 40.0]
i = 0.1, C = 25.540740834545772, a = 3.5735655048246824, m = 147.0, p = 73.0, r = 0.608276253029822, D = 1.0
