F = 1e-07; Nimp = 25; Range: [0.1, 40.0]
i = 0.1, C = 12.029984958040732, a = 2.4525481603875523, m = 49.0, p = 24.0, r = 0.35355339059327373, D = 0.9999999943899556
