F = 1e-07; Nimp = 32; Range: [0.1, 40.0]
i = 0.1, C = 14.103861693680614, a = 2.655547184073427, m = 63.0, p = 31.0, r = 0.4, D = 0.99999999999485
