F = 1e-07; Nimp = 79; Range: [0.1, 40.0]
i = 0.1, C = 26.83629210732735, a = 3.6630787670569784, m = 157.0, p = 78.0, r = 0.6284902544988267, D = 1.0
