F = 1e-07; Nimp = 22; Range: [0.1, 40.0]
i = 0.1, C = 11.113078860500545, a = 2.357231306055957, m = 43.0, p = 21.0, r = 0.33166247903553997, D = 0.9999998991363412
