F = 1e-07; Nimp = 42; Range: [0.1, 40.0]
i = 0.1, C = 16.951305089314584, a = 2.9112973988682938, m = 83.0, p = 41.0, r = 0.458257569495584, D = 0.9999999999999999
